{
 "cells": [
  {
   "cell_type": "markdown",
   "metadata": {},
   "source": [
    "# Testing projection TTI on GPU"
   ]
  },
  {
   "cell_type": "code",
   "execution_count": 4,
   "metadata": {},
   "outputs": [],
   "source": [
    "import sys; sys.path.insert(0,\"../..\") # Allow import of agd from parent directory (useless if conda package installed)\n",
    "#from Miscellaneous import TocTools; print(TocTools.displayTOC('SeismicNorm','Algo'))"
   ]
  },
  {
   "cell_type": "code",
   "execution_count": 5,
   "metadata": {},
   "outputs": [],
   "source": [
    "from agd.Metrics.Seismic import Hooke,Thomsen\n",
    "from agd.Metrics import Riemann\n",
    "from agd import Sphere\n",
    "from agd import LinearParallel as lp\n",
    "from agd import AutomaticDifferentiation as ad\n",
    "from agd.Plotting import SetTitle3D"
   ]
  },
  {
   "cell_type": "code",
   "execution_count": 6,
   "metadata": {},
   "outputs": [],
   "source": [
    "import numpy as np\n",
    "import copy\n",
    "from matplotlib import pyplot as plt"
   ]
  },
  {
   "cell_type": "markdown",
   "metadata": {},
   "source": [
    "# Start"
   ]
  },
  {
   "cell_type": "code",
   "execution_count": 40,
   "metadata": {},
   "outputs": [
    {
     "name": "stdout",
     "output_type": "stream",
     "text": [
      "x=denseAD2(array([0.1, 0.2, 0.3]),\n",
      "array([[1., 0., 0.],\n",
      "       [0., 1., 0.],\n",
      "       [0., 0., 1.]]),\n",
      "array([[[0., 0., 0.],\n",
      "        [0., 0., 0.],\n",
      "        [0., 0., 0.]],\n",
      "\n",
      "       [[0., 0., 0.],\n",
      "        [0., 0., 0.],\n",
      "        [0., 0., 0.]],\n",
      "\n",
      "       [[0., 0., 0.],\n",
      "        [0., 0., 0.],\n",
      "        [0., 0., 0.]]]))\n",
      "r=denseAD2(array([[ 0.19975377, -0.67097568,  0.71406587],\n",
      "       [ 0.91720529,  0.38442598,  0.10464758],\n",
      "       [-0.34472145,  0.63404124,  0.69221299]]),\n",
      "array([[[ 0.28078815, -1.90071979, -2.85107968],\n",
      "        [ 1.65125032,  1.45577857, -1.38666148],\n",
      "        [ 1.47305784,  1.89963984, -0.50541867]],\n",
      "\n",
      "       [[ 0.72464942, -0.39742323,  1.12747242],\n",
      "        [-1.01515716,  0.43198177, -3.04547148],\n",
      "        [-2.62212935,  1.89639997,  1.3056649 ]],\n",
      "\n",
      "       [[ 2.09079177, -2.1588289 ,  1.34778312],\n",
      "        [ 2.36294028,  1.27866604,  0.379064  ],\n",
      "        [-1.1231526 , -2.24630521,  0.32398633]]]),\n",
      "array([[[[  2.66009827,   0.56839707,   0.8525956 ],\n",
      "         [  0.56839707,  -6.63887773,   4.29708182],\n",
      "         [  0.8525956 ,   4.29708182,  -3.05797622]],\n",
      "\n",
      "        [[  3.08355408,   4.56877562,  -0.51212576],\n",
      "         [  4.56877562,   2.32303881,   0.91966645],\n",
      "         [ -0.51212576,   0.91966645,  11.18548587]],\n",
      "\n",
      "        [[ -4.81432315,  -2.40375119,   4.6506248 ],\n",
      "         [ -2.40375119,  -9.04092374,  -3.75539942],\n",
      "         [  4.6506248 ,  -3.75539942,  -3.06820736]]],\n",
      "\n",
      "\n",
      "       [[[ -5.62997294,   5.67373952,  -1.94334957],\n",
      "         [  5.67373952,  -4.73304237,  -1.94278117],\n",
      "         [ -1.94334957,  -1.94278117, -11.64020352]],\n",
      "\n",
      "        [[ -9.40128748,   0.63660471,   2.25085238],\n",
      "         [  0.63660471,   1.7051912 ,   1.90981414],\n",
      "         [  2.25085238,   1.90981414,  -3.39901446]],\n",
      "\n",
      "        [[  3.3131865 ,   2.39295165,   4.12940469],\n",
      "         [  2.39295165,  -2.43899181,   3.20462266],\n",
      "         [  4.12940469,   3.20462266,  -2.5583552 ]]],\n",
      "\n",
      "\n",
      "       [[[  0.99469487,  -0.05172413,   3.5456609 ],\n",
      "         [ -0.05172413,   8.01780902,   3.30068176],\n",
      "         [  3.5456609 ,   3.30068176,  -0.20575974]],\n",
      "\n",
      "        [[ -5.76866183,  -3.41606637,  -4.58412234],\n",
      "         [ -3.41606637,  -4.79101887,   4.30958656],\n",
      "         [ -4.58412234,   4.30958656,  -3.98957901]],\n",
      "\n",
      "        [[-10.4244022 ,   1.61424767,   1.12542619],\n",
      "         [  1.61424767,  -8.00303069,   2.25085238],\n",
      "         [  1.12542619,   2.25085238,   0.56839707]]]])), q=denseAD2(array([0.75438596, 0.1754386 , 0.35087719, 0.52631579]),\n",
      "array([[-0.30778701, -0.61557402, -0.92336103],\n",
      "       [ 1.72360726, -0.0615574 , -0.0923361 ],\n",
      "       [-0.0615574 ,  1.63127116, -0.18467221],\n",
      "       [-0.0923361 , -0.18467221,  1.47737765]]),\n",
      "array([[[-2.96987467,  0.21599089,  0.32398633],\n",
      "        [ 0.21599089, -2.64588834,  0.64797266],\n",
      "        [ 0.32398633,  0.64797266, -2.10591113]],\n",
      "\n",
      "       [[-0.91256149, -0.59397493, -0.8909624 ],\n",
      "        [-0.59397493, -0.26458883,  0.06479727],\n",
      "        [-0.8909624 ,  0.06479727, -0.21059111]],\n",
      "\n",
      "       [[-0.59397493, -0.26458883,  0.06479727],\n",
      "        [-0.26458883, -1.76032571, -0.7937665 ],\n",
      "        [ 0.06479727, -0.7937665 , -0.42118223]],\n",
      "\n",
      "       [[-0.8909624 ,  0.06479727, -0.21059111],\n",
      "        [ 0.06479727, -0.7937665 , -0.42118223],\n",
      "        [-0.21059111, -0.42118223, -2.47849541]]]))\n",
      "[[174.63  42.01  16.42   1.15 -15.05   0.68]\n",
      " [ 42.01 177.45  15.14   6.14  -3.03   0.68]\n",
      " [ 16.42  15.14  54.48  -0.61   1.51  -0.62]\n",
      " [  1.15   6.14  -0.61  13.18  -0.48  -6.06]\n",
      " [-15.05  -3.03   1.51  -0.48  14.18   2.38]\n",
      " [  0.68   0.68  -0.62  -6.06   2.38  67.01]]\n"
     ]
    },
    {
     "ename": "TypeError",
     "evalue": "no implementation found for 'numpy.round_' on types that implement __array_function__: [<class 'agd.AutomaticDifferentiation.Dense2.denseAD2'>]",
     "output_type": "error",
     "traceback": [
      "\u001b[1;31m---------------------------------------------------------------------------\u001b[0m",
      "\u001b[1;31mTypeError\u001b[0m                                 Traceback (most recent call last)",
      "\u001b[1;32m<ipython-input-40-ab6b9e77ef71>\u001b[0m in \u001b[0;36m<module>\u001b[1;34m\u001b[0m\n\u001b[0;32m      7\u001b[0m \u001b[0mprint\u001b[0m\u001b[1;33m(\u001b[0m\u001b[1;34mf\"{np.round(norm.hooke,2)}\"\u001b[0m\u001b[1;33m)\u001b[0m\u001b[1;33m\u001b[0m\u001b[1;33m\u001b[0m\u001b[0m\n\u001b[0;32m      8\u001b[0m \u001b[0mh\u001b[0m \u001b[1;33m=\u001b[0m \u001b[0mnorm\u001b[0m\u001b[1;33m.\u001b[0m\u001b[0mrotate\u001b[0m\u001b[1;33m(\u001b[0m\u001b[0mr\u001b[0m\u001b[1;33m)\u001b[0m\u001b[1;33m.\u001b[0m\u001b[0mhooke\u001b[0m\u001b[1;33m\u001b[0m\u001b[1;33m\u001b[0m\u001b[0m\n\u001b[1;32m----> 9\u001b[1;33m \u001b[0mprint\u001b[0m\u001b[1;33m(\u001b[0m\u001b[1;34mf\"{np.round(h,2)}\"\u001b[0m\u001b[1;33m)\u001b[0m\u001b[1;33m\u001b[0m\u001b[1;33m\u001b[0m\u001b[0m\n\u001b[0m",
      "\u001b[1;32m<__array_function__ internals>\u001b[0m in \u001b[0;36mround_\u001b[1;34m(*args, **kwargs)\u001b[0m\n",
      "\u001b[1;31mTypeError\u001b[0m: no implementation found for 'numpy.round_' on types that implement __array_function__: [<class 'agd.AutomaticDifferentiation.Dense2.denseAD2'>]"
     ]
    }
   ],
   "source": [
    "x = np.array([0.1,0.2,0.3])\n",
    "x=ad.Dense2.identity(constant=x)\n",
    "print(f\"{x=}\")\n",
    "r,q = Sphere.rotation3_from_ball3(x);\n",
    "print(f\"{r=}, {q=}\")\n",
    "norm = Hooke.mica[0].rotate_by(0.2,(1,2,3))\n",
    "print(f\"{np.round(norm.hooke,2)}\")\n",
    "h = norm.rotate(r).hooke\n",
    "print(f\"{np.round(h,2)}\")"
   ]
  },
  {
   "cell_type": "code",
   "execution_count": null,
   "metadata": {},
   "outputs": [],
   "source": [
    "def proj_hexagonal(c):\n",
    "    \"\"\"Hexagonal Hooke tensors are tetragonal, with the additional property that c66=(c11-c12)/2\"\"\"\n",
    "    c11,c12,c13,c22,c23,c33,c44,c55,c66 = ( # Seismologists start at 1 ...\n",
    "        c[0,0],c[0,1],c[0,2],c[1,1],c[1,2],c[2,2],c[3,3],c[4,4],c[5,5])\n",
    "    α=(3*(c11+c22)+2*c12+4*c66)/8\n",
    "    β=(c11+c22+6*c12-4*c66)/8\n",
    "    γ=(c13+c23)/2\n",
    "    δ=(c44+c55)/2\n",
    "    print(α,β,γ,δ)\n",
    "    return Hooke.from_orthorombic(α,β,γ,α,γ,c33,δ,δ,(α-β)/2).hooke"
   ]
  },
  {
   "cell_type": "code",
   "execution_count": 43,
   "metadata": {},
   "outputs": [
    {
     "name": "stdout",
     "output_type": "stream",
     "text": [
      "denseAD2(114.49169889060758,[ -83.10473533 -212.13490747   38.10342344],\n",
      "[[-530.40126094  933.33339698    2.64444718]\n",
      " [ 933.33339698 1432.36189008 -158.37462179]\n",
      " [   2.64444718 -158.37462179  125.18446827]]) denseAD2(32.576723771168524,[ -5.00893898 -12.78592372   2.29659263],\n",
      "[[ 15.99642884 178.69115388 -21.832552  ]\n",
      " [178.69115388 398.8667426  -65.68274229]\n",
      " [-21.832552   -65.68274229  17.62847265]]) denseAD2(41.4434064369821,[ -4.66399426 -11.90541053   2.13843588],\n",
      "[[ -273.83499343  -570.63240071   112.05324543]\n",
      " [ -570.63240071 -1509.92889437   276.76236741]\n",
      " [  112.05324543   276.76236741   -44.28264673]]) denseAD2(47.65302454270658,[12.35548534 31.53887355 -5.6649755 ],\n",
      "[[ -129.23735657  -669.94738454    95.01771963]\n",
      " [ -669.94738454 -1568.86930994   267.09396614]\n",
      " [   95.01771963   267.09396614   -62.3574093 ]])\n"
     ]
    }
   ],
   "source": [
    "res = ((h-proj_hexagonal(h))**2).sum()/2"
   ]
  },
  {
   "cell_type": "code",
   "execution_count": 45,
   "metadata": {},
   "outputs": [
    {
     "data": {
      "text/plain": [
       "array([ 0.12001388,  0.27063976, -0.12175385])"
      ]
     },
     "execution_count": 45,
     "metadata": {},
     "output_type": "execute_result"
    }
   ],
   "source": [
    "x.value-lp.solve_AV(res.hessian(),res.gradient())"
   ]
  },
  {
   "cell_type": "code",
   "execution_count": 33,
   "metadata": {},
   "outputs": [
    {
     "name": "stdout",
     "output_type": "stream",
     "text": [
      "114.49169889060758 32.576723771168524 41.4434064369821 47.65302454270658\n"
     ]
    },
    {
     "data": {
      "text/plain": [
       "array([[-45.58,  -4.14,   8.67,   7.23, -23.29,  -7.06],\n",
       "       [ -4.14,  53.86,  -8.67, -15.61, -10.59, -19.12],\n",
       "       [  8.67,  -8.67,   0.  ,  -9.26, -37.47,   4.57],\n",
       "       [  7.23, -15.61,  -9.26,  -1.14,   0.6 , -23.68],\n",
       "       [-23.29, -10.59, -37.47,   0.6 ,   1.14,   4.  ],\n",
       "       [ -7.06, -19.12,   4.57, -23.68,   4.  ,  -4.14]])"
      ]
     },
     "execution_count": 33,
     "metadata": {},
     "output_type": "execute_result"
    }
   ],
   "source": [
    "np.round(h-proj_hexagonal(h),2)"
   ]
  },
  {
   "cell_type": "code",
   "execution_count": 46,
   "metadata": {},
   "outputs": [
    {
     "data": {
      "text/plain": [
       "9.999999999999998"
      ]
     },
     "execution_count": 46,
     "metadata": {},
     "output_type": "execute_result"
    }
   ],
   "source": [
    "(2*500)**(1/3)"
   ]
  },
  {
   "cell_type": "code",
   "execution_count": 48,
   "metadata": {},
   "outputs": [
    {
     "name": "stdout",
     "output_type": "stream",
     "text": [
      "Help on built-in function random:\n",
      "\n",
      "random(...) method of numpy.random.mtrand.RandomState instance\n",
      "    random(size=None)\n",
      "    \n",
      "    Return random floats in the half-open interval [0.0, 1.0). Alias for\n",
      "    `random_sample` to ease forward-porting to the new random API.\n",
      "\n"
     ]
    }
   ],
   "source": [
    "help(np.random.random)"
   ]
  },
  {
   "cell_type": "code",
   "execution_count": 8,
   "metadata": {},
   "outputs": [
    {
     "name": "stdout",
     "output_type": "stream",
     "text": [
      "Help on module agd.Sphere in agd:\n",
      "\n",
      "NAME\n",
      "    agd.Sphere\n",
      "\n",
      "DESCRIPTION\n",
      "    This module provides basic conversion utilities to manipulate low-dimensional spheres, \n",
      "    and related objects : rotations, quaternions, Pauli matrices, etc\n",
      "\n",
      "FUNCTIONS\n",
      "    ball3_from_rotation3(r, qRef=None)\n",
      "        Produces an euclidean point from a rotation, \n",
      "        selecting in the intermediate step the quaternion \n",
      "        in the same hemisphere as qRef. (Defaults to southern.)\n",
      "    \n",
      "    pauli(a, b, c, d=None)\n",
      "        Pauli matrix. Symmetric if d is None, Hermitian otherwise.\n",
      "        Determinant is a^2-b^2-c^2-d^2\n",
      "    \n",
      "    plane_from_sphere(q)\n",
      "        Produces a point in the equator plane from a point in the unit sphere.\n",
      "    \n",
      "    rotation3_from_ball3(e)\n",
      "        Produces a rotation from an euclidean point. \n",
      "        Also returns the intermediate quaternion.\n",
      "    \n",
      "    rotation3_from_sphere3(q)\n",
      "        Produces the rotation associated with a unit quaternion.\n",
      "    \n",
      "    sphere3_from_rotation3(r)\n",
      "        Produces the unit quaternion, with positive real part, associated with a rotation.\n",
      "    \n",
      "    sphere_from_plane(e)\n",
      "        Produces a point in the unit sphere by projecting a point in the equator plane.\n",
      "\n",
      "FILE\n",
      "    c:\\users\\jmmir\\documents\\github\\adaptivegriddiscretizations\\agd\\sphere.py\n",
      "\n",
      "\n"
     ]
    }
   ],
   "source": [
    "help(Sphere)"
   ]
  },
  {
   "cell_type": "code",
   "execution_count": null,
   "metadata": {},
   "outputs": [],
   "source": []
  }
 ],
 "metadata": {
  "kernelspec": {
   "display_name": "Python 3",
   "language": "python",
   "name": "python3"
  },
  "language_info": {
   "codemirror_mode": {
    "name": "ipython",
    "version": 3
   },
   "file_extension": ".py",
   "mimetype": "text/x-python",
   "name": "python",
   "nbconvert_exporter": "python",
   "pygments_lexer": "ipython3",
   "version": "3.8.6"
  }
 },
 "nbformat": 4,
 "nbformat_minor": 4
}
